20/09/16-18:00:31   1.50    80.34     0.00   999.00  894.00     0.10     1.05   
20/09/16-18:00:34   1.34    80.33     0.00   522.00  535.00     0.00     0.97   
20/09/16-18:00:37   1.33    80.32     0.00   520.00  480.00     0.20     0.89   
20/09/16-18:00:40   1.34    80.30     0.00   168.00   68.00     0.00     0.89   
20/09/16-18:00:43   1.34    80.29     0.00   259.00  237.00     0.10     0.82   
20/09/16-18:00:46   1.33    80.28     0.00   149.00  154.00     0.13     0.82   
Time              ---cpu-- ---mem-- ---tcp-- -----traffic---- --sda---  ---load- 
Time                util     util   retran    bytin  bytout     util     load1   
20/09/16-18:00:49   1.34    80.27     0.00    20.00    0.00     0.07     0.75   
20/09/16-18:00:52   1.34    80.26     0.00   814.00    1.2K     0.20     0.69   
20/09/16-18:00:55   1.33    80.25     0.00   440.00  558.00     0.00     0.69   
20/09/16-18:00:58   1.17    80.24     0.00    80.00    0.00     0.13     0.64   
20/09/16-18:01:01   1.33    80.23     0.00    40.00    0.00     0.10     0.64   
20/09/16-18:01:04   6.19    80.43     0.00     0.00    0.00     0.57     0.59   
20/09/16-18:01:07   1.50    80.42     0.00    60.00    0.00     0.20     0.54   
20/09/16-18:01:10   1.17    80.41     0.00    80.00    0.00     0.00     0.54   
20/09/16-18:01:13   1.34    80.40     0.00   176.00  117.00     0.20     0.50   
20/09/16-18:01:16   1.17    80.39     0.00    40.00    0.00     0.13     0.50   
20/09/16-18:01:19   1.83    80.38     0.00   254.00  235.00     0.07     0.46   
20/09/16-18:01:22   1.34    80.37     0.00   280.00  239.00     0.23     0.42   
20/09/16-18:01:25   1.50    80.36     0.00   660.00  600.00     0.00     0.42   
20/09/16-18:01:28   1.34    80.35     0.00   784.00  720.00     0.10     0.39   
20/09/16-18:01:31   1.17    80.34     0.00   743.00  719.00     0.07     0.39   
20/09/16-18:01:34   1.17    80.33     0.00   360.00  359.00     0.07     0.35   
20/09/16-18:01:37   1.50    80.32     0.00   520.00  480.00     0.20     0.33   
20/09/16-18:01:40   1.17    80.30     0.00   120.00    0.00     0.00     0.33   
20/09/16-18:01:43   1.34    80.30     0.00   299.00  237.00     0.20     0.30   
Time              ---cpu-- ---mem-- ---tcp-- -----traffic---- --sda---  ---load- 
Time                util     util   retran    bytin  bytout     util     load1   
20/09/16-18:01:46   1.50    80.28     0.00     0.00    0.00     0.60     0.30   
20/09/16-18:01:49   1.33    80.27     0.00    20.00    0.00     0.07     0.27   
20/09/16-18:01:52   1.33    80.26     0.00     0.00    0.00     0.20     0.25   
20/09/16-18:01:55   1.34    80.25     0.00    60.00    0.00     0.00     0.25   
20/09/16-18:01:58   1.00    80.24     0.00    60.00    0.00     0.07     0.23   
20/09/16-18:02:01   1.50    80.23     0.00    40.00    0.00     0.10     0.23   
20/09/16-18:02:04   5.35    80.43     0.00     0.00    0.00     0.57     0.21   
20/09/16-18:02:07   1.34    80.42     0.00    80.00    0.00     0.07     0.20   
20/09/16-18:02:10   1.33    80.41     0.00   100.00    0.00     0.07     0.20   
20/09/16-18:02:13   1.33    80.40     0.00    20.00    0.00     0.13     0.18   
20/09/16-18:02:16   1.34    80.39     0.00   156.00  117.00     0.20     0.18   
20/09/16-18:02:19   1.50    80.38     0.00   254.00  235.00     0.00     0.16   
20/09/16-18:02:22   1.50    80.37     0.00   260.00  239.00     0.33     0.15   
20/09/16-18:02:25   1.50    80.36     0.00   680.00  600.00     0.00     0.15   
20/09/16-18:02:28   1.50    80.35     0.00   804.00  720.00     0.07     0.14   
20/09/16-18:02:31   1.50    80.34     0.00   884.00  838.00     0.13     0.14   
20/09/16-18:02:34   1.17    80.33     0.00   498.00  480.00     0.07     0.13   
20/09/16-18:02:37   1.33    80.32     0.00   281.00  240.00     0.03     0.12   
20/09/16-18:02:40   1.34    80.30     0.00   218.00  117.00     0.10     0.12   
Time              ---cpu-- ---mem-- ---tcp-- -----traffic---- --sda---  ---load- 
Time                util     util   retran    bytin  bytout     util     load1   
20/09/16-18:02:43   1.17    80.29     0.00   141.00  120.00     0.07     0.11   
20/09/16-18:02:46   1.17    80.28     0.00   149.00  154.00     0.50     0.11   
20/09/16-18:02:49   1.33    80.27     0.00     0.00    0.00     0.07     0.10   
20/09/16-18:02:52   1.33    80.26     0.00     0.00    0.00     0.23     0.09   
20/09/16-18:02:55   1.01    80.25     0.00   100.00    0.00     0.00     0.09   
20/09/16-18:02:58   1.33    80.24     0.00   120.00    0.00     0.07     0.08   
20/09/16-18:03:01   7.18    80.43     0.00   879.00  390.00     0.37     0.08   
20/09/16-18:03:04   1.17    80.42     0.00     0.00    0.00     0.00     0.08   
20/09/16-18:03:07   1.50    80.41     0.00    60.00    0.00     0.10     0.07   
20/09/16-18:03:10   1.33    80.40     0.00    80.00    0.00     0.00     0.07   
20/09/16-18:03:13   1.34    80.39     0.00   168.00   73.00     0.07     0.06   
20/09/16-18:03:16   2.00    80.38     0.00     1.1K  708.00     0.20     0.06   
20/09/16-18:03:19   1.66    80.37     0.00   392.00  400.00     0.10     0.06   
20/09/16-18:03:22   1.34    80.36     0.00   260.00  284.00     0.13     0.05   
20/09/16-18:03:25   1.33    80.35     0.00   720.00  640.00     0.07     0.05   
20/09/16-18:03:28   1.66    80.34     0.00   844.00  759.00     0.00     0.05   
20/09/16-18:03:31   1.17    80.33     0.00   884.00  878.00     0.20     0.05   
20/09/16-18:03:34   1.17    80.32     0.00   538.00  519.00     0.00     0.05   
20/09/16-18:03:37   1.34    80.31     0.00   321.00  280.00     0.10     0.04   
Time              ---cpu-- ---mem-- ---tcp-- -----traffic---- --sda---  ---load- 
Time                util     util   retran    bytin  bytout     util     load1   
20/09/16-18:03:40   1.50    80.29     0.00   335.00  275.00     0.00     0.04   
20/09/16-18:03:43   1.33    80.29     0.00   161.00  199.00     0.10     0.04   
20/09/16-18:03:46   1.33    80.28     0.00    20.00   39.00     0.17     0.03   
20/09/16-18:03:49   1.33    80.26     0.00    40.00   39.00     0.10     0.03   
20/09/16-18:03:52   1.34    80.26     0.00    60.00   39.00     0.07     0.03   
